              precision    recall  f1-score   support

           $       1.00      1.00      1.00        45
          ''       1.00      1.00      1.00        30
           ,       1.00      1.00      1.00       246
       -LRB-       1.00      1.00      1.00         1
      -NONE-       1.00      1.00      1.00       332
       -RRB-       1.00      1.00      1.00         4
           .       1.00      1.00      1.00       194
           :       1.00      1.00      1.00        25
          CC       0.99      0.99      0.99       119
          CD       1.00      1.00      1.00       196
          DT       0.99      1.00      1.00       434
          EX       1.00      1.00      1.00         7
          IN       0.99      0.99      0.99       552
          JJ       0.92      0.94      0.93       319
         JJR       1.00      0.90      0.95        21
         JJS       1.00      1.00      1.00         7
          LS       1.00      1.00      1.00         3
          MD       1.00      1.00      1.00        43
          NN       0.98      0.97      0.97       748
         NNP       1.00      0.98      0.99       457
        NNPS       0.69      1.00      0.82         9
         NNS       0.99      1.00      0.99       317
         PDT       1.00      0.50      0.67         2
         POS       1.00      1.00      1.00        41
         PRP       1.00      1.00      1.00        64
        PRP$       1.00      1.00      1.00        40
          RB       0.97      0.92      0.95       140
         RBR       0.00      0.00      0.00         0
         RBS       1.00      1.00      1.00         1
          RP       0.78      1.00      0.88         7
          TO       1.00      1.00      1.00       112
          VB       0.98      1.00      0.99       111
         VBD       0.97      0.97      0.97       159
         VBG       0.95      0.94      0.95        86
         VBN       0.92      0.93      0.93       102
         VBP       1.00      0.99      0.99        71
         VBZ       1.00      0.99      1.00       103
         WDT       1.00      1.00      1.00        27
          WP       1.00      1.00      1.00        15
         WRB       1.00      1.00      1.00         6
          ``       1.00      1.00      1.00        31

    accuracy                           0.98      5227
   macro avg       0.95      0.95      0.95      5227
weighted avg       0.98      0.98      0.98      5227
